                   FRB20180725A      FRB20180727A       FRB20180729A      FRB20180729B      FRB20180730A  ...      FRB20190701A      FRB20190701B      FRB20190701C      FRB20190701D      FRB20190701E
tns_name            FRB20180725A      FRB20180727A       FRB20180729A      FRB20180729B      FRB20180730A  ...      FRB20190701A      FRB20190701B      FRB20190701C      FRB20190701D      FRB20190701E
previous_name    180725.J0613+67   180727.J1311+26    180729.J1316+55   180729.J0558+56   180730.J0353+87  ...             -9999             -9999             -9999             -9999             -9999
repeater_name              -9999             -9999              -9999             -9999             -9999  ...             -9999             -9999             -9999             -9999             -9999
ra                        93.420            197.72             199.40             89.93            57.390  ...            277.47            302.93             96.36            112.10            138.57
ra_err                     0.039              0.13               0.12              0.27             0.032  ...              0.21              0.22              0.23              0.18              0.19
ra_notes                   -9999             -9999              -9999             -9999             -9999  ...             -9999             -9999             -9999             -9999             -9999
dec                        67.07             26.42             55.580             56.50             87.19  ...             59.04             80.18             81.63             66.70            61.710
dec_err                     0.21              0.26              0.084              0.24              0.20  ...              0.22              0.24              0.27              0.16             0.036
dec_notes                  -9999             -9999              -9999             -9999             -9999  ...             -9999             -9999             -9999             -9999             -9999
gl                        147.29             24.76             115.26             156.9            125.11  ...             88.29            112.88            132.18            149.28            153.27
gb                         21.29              85.6              61.16             15.68             25.11  ...             25.72              23.4             25.88             28.38             40.37
exp_up                        30              10.4                 21                21               270  ...                23                69                82                34                15
exp_up_err                    18               7.1                 11                12               110  ...                14                38                44                15                14
exp_up_notes               -9999             -9999              -9999             -9999             -9999  ...             -9999             -9999             -9999             -9999             -9999
exp_low                    -9999             -9999              -9999             -9999               214  ...             -9999                70                82             -9999             -9999
exp_low_err                -9999             -9999              -9999             -9999                99  ...             -9999                33                43             -9999             -9999
exp_low_notes              -9999             -9999              -9999             -9999             -9999  ...             -9999             -9999             -9999             -9999             -9999
bonsai_snr                  19.2              10.4                 32              12.4              69.5  ...              12.1                15              11.5              34.4              15.2
bonsai_dm                  716.6             642.1              108.4             318.6             849.2  ...             635.7             748.9             972.1             934.9             888.0
low_ft_68                      0                 0                  0                 0               3.3  ...                 0               5.1               9.5                 0                 0
up_ft_68                     2.7               1.9                4.6               0.9               2.3  ...               1.8               1.7               3.5               3.4               1.3
low_ft_95                      0                 0                  0                 0               6.1  ...                 0               9.6              20.3                 0                 0
up_ft_95                     5.0               3.1                8.6               1.7               4.4  ...               3.0               3.3               7.5               6.3               2.3
snr_fitb                    33.2              12.2              206.6                22              89.8  ...              14.6              17.5              16.8              44.8              16.7
dm_fitb                 715.8093           642.134          109.59418          317.2235          848.9041  ...          637.0934           749.114           974.195          933.3629          890.4771
dm_fitb_err               0.0041             0.015            0.00031            0.0045            0.0018  ...            0.0036             0.011             0.029            0.0097            0.0081
dm_exc_ne2001              644.2             620.9               78.8             223.2             789.7  ...             582.8             687.6             915.8             877.4             848.1
dm_exc_ymw16               635.4             622.4               86.8             198.8             790.5  ...             587.8             688.1             916.6             879.4             857.0
bc_width                 0.00295           0.00295            0.00098           0.00197           0.00492  ...           0.00197           0.00295           0.00197           0.00885           0.00295
scat_time                0.00110           <0.0017          0.0001574           0.00066          0.002073  ...          <0.00072           0.00034           <0.0018           0.00153           0.00067
scat_time_err            0.00032             -9999          0.0000036           0.00018          0.000074  ...             -9999           0.00011             -9999           0.00020           0.00015
flux                         1.7              0.58               11.7              0.92               5.2  ...              1.26              1.10              0.88              1.33              0.68
flux_err                     1.0              0.31                6.8              0.59               2.8  ...              0.25              0.49              0.50              0.67              0.28
flux_notes                 -9999             -9999              -9999             -9999             -9999  ...             -9999             -9999             -9999             -9999             -9999
fluence                      4.1              2.31                 17              1.20                27  ...              1.70              1.90               2.5               8.6              2.00
fluence_err                  2.3              0.76                 10              0.74                12  ...              0.29              0.72               1.6               3.6              0.49
fluence_notes              -9999             -9999              -9999             -9999             -9999  ...             -9999             -9999             -9999             -9999             -9999
sub_num                        0                 0                  0                 0                 0  ...                 0                 0                 0                 0                 0
mjd_400         58324.7498032059  58326.0362615845  58328.03356479831  58328.7280323977  58329.1511342663  ...  58665.3279215249  58665.4102250642  58665.8175332422  58665.8709247358  58665.9389301907
mjd_400_err         0.0000000018      0.0000000037      0.00000000032      0.0000000037      0.0000000012  ...      0.0000000025      0.0000000029      0.0000000037      0.0000000033      0.0000000035
mjd_inf         58324.7495885601  58326.0360690313  58328.03353193490  58328.7279372735  58329.1508797100  ...  58665.3277304831  58665.4100004314  58665.8172411157  58665.8706448533  58665.9386631681
mjd_inf_err         0.0000000022      0.0000000058      0.00000000034      0.0000000040      0.0000000013  ...      0.0000000028      0.0000000045      0.0000000095      0.0000000044      0.0000000043
width_fitb              0.000296           0.00139           <0.00010          0.000314          0.000468  ...          0.000608           0.00063           0.00144           0.00140           0.00042
width_fitb_err          0.000076           0.00017              -9999          0.000083          0.000040  ...          0.000057           0.00013           0.00016           0.00012           0.00015
sp_idx                      38.2               3.8              16.46              14.5              4.27  ...              -1.1               3.9              46.2              6.49               0.3
sp_idx_err                   3.7               1.8               0.24               3.5              0.30  ...               1.5               1.7               9.0              0.75               1.4
sp_run                     -45.8              -9.2             -30.21             -14.6            -11.31  ...               3.3             -11.8              -211             -20.9              -5.1
sp_run_err                   4.2               3.0               0.38               3.5              0.48  ...               1.9               3.1                41               1.6               2.2
high_freq                  760.1             800.2              692.7             800.2             759.2  ...             800.2             732.8             495.5             651.8             800.2
low_freq                   485.3             400.2              400.2             441.8             400.2  ...             400.2             400.2             402.2             400.2             400.2
peak_freq                  607.4             493.3              525.6             657.5             483.5  ...             800.2             471.5             446.4             467.6             410.3
chi_sq                371857.954        382969.318         264732.041        425139.488        429165.844  ...          341779.3        329229.311        285697.192        358566.724        359241.191
dof                       371481            381818             186953            421337            417689  ...            341690            330137            286362            354457            356889
flag_frac                  0.403             0.387              0.399             0.323             0.329  ...             0.451              0.47              0.54             0.431             0.427
excluded_flag                  1                 1                  1                 1                 1  ...                 0                 0                 0                 0                 0